{
    "name": "Amaranth 5P FFA System",
    "description": "5P FFA only multiplanet system. Each player start on own moon.Be ready to expand to metal rich Amaranth planet.",
    "creator": "GreatBalancer",
    "version": "1.0",
    "planets": [
        {
            "name": "Bolo 1",
            "mass": 5000,
            "position_x": 25100.00390625,
            "position_y": -3499.99169921875,
            "velocity_x": 19.39852523803711,
            "velocity_y": 139.1155242919922,
            "required_thrust_to_move": 0,
            "starting_planet": true,
            "respawn": false,
            "start_destroyed": false,
            "min_spawn_delay": 0,
            "max_spawn_delay": 0,
            "planet": {
                "seed": 673526720,
                "radius": 320,
                "heightRange": 0,
                "waterHeight": 0,
                "waterDepth": 0,
                "temperature": 0,
                "metalDensity": 0,
                "metalClusters": 17,
                "metalSpotLimit": -1,
                "biomeScale": 50,
                "biome": "moon",
                "symmetryType": "none",
                "symmetricalMetal": false,
                "symmetricalStarts": false,
                "numArmies": 2,
                "landingZonesPerArmy": 0,
                "landingZoneSize": 0,
                "heightAdjustments": []
            },
            "planetCSG": [
                {
                    "proj": "BP_Bend",
                    "spec": "/pa/terrain/metal/brushes/metal_structure_05.json",
                    "height": 321.3431701660156,
                    "op": "BO_Add",
                    "position": [
                        -68.58663940429688,
                        216.30349731445312,
                        -227.53045654296875
                    ],
                    "transform": [
                        2.6994028091430664,
                        0.5977179408073425,
                        -0.604027271270752,
                        -68.58663177490234,
                        0.8497534990310669,
                        -1.912596583366394,
                        1.9049367904663086,
                        216.303466796875,
                        -0.005881845951080322,
                        -1.998399019241333,
                        -2.0038106441497803,
                        -227.53048706054688
                    ],
                    "scale": [
                        2.829998254776001,
                        2.829998254776001,
                        2.829998254776001
                    ],
                    "rotation": 0.3099999725818634,
                    "weight": [
                        0,
                        0,
                        0,
                        0
                    ],
                    "weightHard": false,
                    "weightScale": [
                        1,
                        1,
                        1
                    ],
                    "mirrored": false,
                    "twinId": 0,
                    "pathable": false,
                    "flooded": false,
                    "mergeable": false,
                    "no_features": false
                },
                {
                    "proj": "BP_Bend",
                    "spec": "/pa/terrain/metal/brushes/metal_trench_03.json",
                    "height": 317.54302978515625,
                    "op": "BO_Subtract",
                    "position": [
                        33.978424072265625,
                        -290.6065673828125,
                        -123.39718627929688
                    ],
                    "transform": [
                        0.9937559366226196,
                        0.031610846519470215,
                        0.10700414329767227,
                        33.97842025756836,
                        0.11086919903755188,
                        -0.3875146508216858,
                        -0.9151721000671387,
                        -290.60650634765625,
                        0.012536309659481049,
                        0.9213211536407471,
                        -0.3885996341705322,
                        -123.39710235595703
                    ],
                    "scale": [
                        1,
                        1,
                        1
                    ],
                    "rotation": 0.12999998033046722,
                    "weight": [
                        0,
                        0,
                        0,
                        0
                    ],
                    "weightHard": false,
                    "weightScale": [
                        1,
                        1,
                        1
                    ],
                    "mirrored": false,
                    "twinId": 0,
                    "pathable": true,
                    "flooded": false,
                    "mergeable": false,
                    "no_features": true
                },
                {
                    "proj": "BP_Bend",
                    "spec": "/pa/terrain/generic/brushes/unit_cannon_wreckage.json",
                    "height": 324.4107971191406,
                    "op": "BO_Add",
                    "position": [
                        -322.643798828125,
                        33.679443359375,
                        3.0068359375
                    ],
                    "transform": [
                        0.06411656737327576,
                        0.08217662572860718,
                        -0.9945531487464905,
                        -322.6437683105469,
                        0.5392603874206543,
                        0.8357153534889221,
                        0.10381726920604706,
                        33.679443359375,
                        0.8396947383880615,
                        -0.5429795384407043,
                        0.009268581867218018,
                        3.0068280696868896
                    ],
                    "scale": [
                        1,
                        1,
                        1
                    ],
                    "rotation": 0.4699998199939728,
                    "weight": [
                        0,
                        0,
                        0,
                        0
                    ],
                    "weightHard": false,
                    "weightScale": [
                        1,
                        1,
                        1
                    ],
                    "mirrored": false,
                    "twinId": 0,
                    "pathable": false,
                    "flooded": false,
                    "mergeable": false,
                    "no_features": false
                },
                {
                    "proj": "BP_Bend",
                    "spec": "/pa/terrain/metal/brushes/metal_structure_13.json",
                    "height": 319.88531494140625,
                    "op": "BO_Add",
                    "position": [
                        271.5450439453125,
                        163.985107421875,
                        41.21624755859375
                    ],
                    "transform": [
                        0.12229882180690765,
                        -0.514238715171814,
                        0.8488825559616089,
                        271.5450744628906,
                        0.04666277766227722,
                        0.8573364019393921,
                        0.512637197971344,
                        163.985107421875,
                        -0.9913957715034485,
                        -0.02308368682861328,
                        0.12884706258773804,
                        41.21628189086914
                    ],
                    "scale": [
                        1,
                        1,
                        1
                    ],
                    "rotation": 0.5199998021125793,
                    "weight": [
                        0,
                        0,
                        0,
                        0
                    ],
                    "weightHard": false,
                    "weightScale": [
                        1,
                        1,
                        1
                    ],
                    "mirrored": false,
                    "twinId": 0,
                    "pathable": false,
                    "flooded": false,
                    "mergeable": false,
                    "no_features": false
                },
                {
                    "proj": "BP_Bend",
                    "spec": "/pa/terrain/metal/brushes/metal_structure_11.json",
                    "height": 318.7164306640625,
                    "op": "BO_Add",
                    "position": [
                        -59.13298034667969,
                        -155.24737548828125,
                        -271.99578857421875
                    ],
                    "transform": [
                        0.7651739716529846,
                        -0.6165109276771545,
                        -0.18553483486175537,
                        -59.132999420166016,
                        -0.6165109276771545,
                        -0.6185842752456665,
                        -0.48710206151008606,
                        -155.2474365234375,
                        0.18553483486175537,
                        0.48710206151008606,
                        -0.8534103631973267,
                        -271.99591064453125
                    ],
                    "scale": [
                        1,
                        1,
                        1
                    ],
                    "rotation": 0,
                    "weight": [
                        0,
                        0,
                        0,
                        0
                    ],
                    "weightHard": false,
                    "weightScale": [
                        1,
                        1,
                        1
                    ],
                    "mirrored": false,
                    "twinId": 0,
                    "pathable": false,
                    "flooded": false,
                    "mergeable": false,
                    "no_features": false
                },
                {
                    "proj": "BP_Bend",
                    "spec": "/pa/terrain/metal/brushes/metal_structure_06.json",
                    "height": 320.14007568359375,
                    "op": "BO_Add",
                    "position": [
                        117.2291259765625,
                        -195.3228759765625,
                        224.93548583984375
                    ],
                    "transform": [
                        0.768789529800415,
                        -0.5242845416069031,
                        0.3661807179450989,
                        117.2291259765625,
                        0.6237682700157166,
                        0.4885391294956207,
                        -0.6101168394088745,
                        -195.32284545898438,
                        0.14098119735717773,
                        0.6974633932113647,
                        0.7026158571243286,
                        224.9355010986328
                    ],
                    "scale": [
                        1,
                        1,
                        1
                    ],
                    "rotation": 0.7399995923042297,
                    "weight": [
                        0,
                        0,
                        0,
                        0
                    ],
                    "weightHard": false,
                    "weightScale": [
                        1,
                        1,
                        1
                    ],
                    "mirrored": false,
                    "twinId": 0,
                    "pathable": false,
                    "flooded": false,
                    "mergeable": false,
                    "no_features": false
                },
                {
                    "proj": "BP_Bend",
                    "spec": "/pa/terrain/metal/brushes/metal_structure_04.json",
                    "height": 318.7447204589844,
                    "op": "BO_Add",
                    "position": [
                        258.3485107421875,
                        89.28341674804688,
                        -163.95947265625
                    ],
                    "transform": [
                        -0.3528178930282593,
                        -0.46752429008483887,
                        0.8105185627937317,
                        258.3485107421875,
                        -0.46752429008483887,
                        0.838426947593689,
                        0.2801094651222229,
                        89.28341674804688,
                        -0.8105185627937317,
                        -0.2801094651222229,
                        -0.5143909454345703,
                        -163.9593963623047
                    ],
                    "scale": [
                        1,
                        1,
                        1
                    ],
                    "rotation": 0,
                    "weight": [
                        0,
                        0,
                        0,
                        0
                    ],
                    "weightHard": false,
                    "weightScale": [
                        1,
                        1,
                        1
                    ],
                    "mirrored": false,
                    "twinId": 0,
                    "pathable": false,
                    "flooded": false,
                    "mergeable": false,
                    "no_features": false
                },
                {
                    "proj": "BP_Bend",
                    "spec": "/pa/terrain/metal/brushes/metal_structure_09.json",
                    "height": 322.4649963378906,
                    "op": "BO_Add",
                    "position": [
                        -217.20529174804688,
                        123.24267578125,
                        204.0019073486328
                    ],
                    "transform": [
                        0.4905809164047241,
                        0.5528320074081421,
                        -0.6735778450965881,
                        -217.2052764892578,
                        -0.409024715423584,
                        0.8286314606666565,
                        0.3821892738342285,
                        123.24266052246094,
                        0.7694342136383057,
                        0.08801522850990295,
                        0.6326327323913574,
                        204.0019073486328
                    ],
                    "scale": [
                        1,
                        1,
                        1
                    ],
                    "rotation": -0.6299997568130493,
                    "weight": [
                        0,
                        0,
                        0,
                        0
                    ],
                    "weightHard": false,
                    "weightScale": [
                        1,
                        1,
                        1
                    ],
                    "mirrored": false,
                    "twinId": 0,
                    "pathable": false,
                    "flooded": false,
                    "mergeable": false,
                    "no_features": false
                },
                {
                    "proj": "BP_Bend",
                    "spec": "/pa/terrain/moon/brushes/moon_crater_02.json",
                    "height": 320.9345703125,
                    "op": "BO_Subtract",
                    "position": [
                        -82.30548095703125,
                        309.452392578125,
                        21.540985107421875
                    ],
                    "transform": [
                        0.9383672475814819,
                        0.23172691464424133,
                        -0.256455659866333,
                        -82.30548858642578,
                        0.23172691464424133,
                        0.12875241041183472,
                        0.9642227292060852,
                        309.452392578125,
                        0.256455659866333,
                        -0.9642227292060852,
                        0.06711965799331665,
                        21.541019439697266
                    ],
                    "scale": [
                        1,
                        1,
                        1
                    ],
                    "rotation": 0,
                    "weight": [
                        0,
                        0,
                        0,
                        0
                    ],
                    "weightHard": false,
                    "weightScale": [
                        1,
                        1,
                        1
                    ],
                    "mirrored": false,
                    "twinId": 0,
                    "pathable": true,
                    "flooded": false,
                    "mergeable": true,
                    "no_features": false
                },
                {
                    "proj": "BP_Bend",
                    "spec": "/pa/terrain/moon/brushes/moon_crater_02.json",
                    "height": 316.07757568359375,
                    "op": "BO_Subtract",
                    "position": [
                        174.48480224609375,
                        -71.08313751220703,
                        -253.785888671875
                    ],
                    "transform": [
                        -0.546291708946228,
                        0.6299417614936829,
                        0.5520315170288086,
                        174.4847869873047,
                        0.6299417614936829,
                        0.7433688640594482,
                        -0.22489140927791595,
                        -71.0831298828125,
                        -0.5520315170288086,
                        0.22489140927791595,
                        -0.8029228448867798,
                        -253.78590393066406
                    ],
                    "scale": [
                        1,
                        1,
                        1
                    ],
                    "rotation": 0,
                    "weight": [
                        0,
                        0,
                        0,
                        0
                    ],
                    "weightHard": false,
                    "weightScale": [
                        1,
                        1,
                        1
                    ],
                    "mirrored": false,
                    "twinId": 0,
                    "pathable": true,
                    "flooded": false,
                    "mergeable": true,
                    "no_features": false
                },
                {
                    "proj": "BP_Bend",
                    "spec": "/pa/terrain/moon/brushes/moon_crater_02.json",
                    "height": 319.1787414550781,
                    "op": "BO_Subtract",
                    "position": [
                        278.9317626953125,
                        -122.00299072265625,
                        95.8509521484375
                    ],
                    "transform": [
                        0.4126690626144409,
                        0.2568948566913605,
                        0.8739046454429626,
                        278.9317932128906,
                        0.2568948566913605,
                        0.8876358270645142,
                        -0.382240355014801,
                        -122.00299835205078,
                        -0.8739046454429626,
                        0.382240355014801,
                        0.3003048896789551,
                        95.85093688964844
                    ],
                    "scale": [
                        1,
                        1,
                        1
                    ],
                    "rotation": 0,
                    "weight": [
                        0,
                        0,
                        0,
                        0
                    ],
                    "weightHard": false,
                    "weightScale": [
                        1,
                        1,
                        1
                    ],
                    "mirrored": false,
                    "twinId": 0,
                    "pathable": true,
                    "flooded": false,
                    "mergeable": true,
                    "no_features": false
                },
                {
                    "proj": "BP_Bend",
                    "spec": "/pa/terrain/moon/brushes/moon_crater_02.json",
                    "height": 319.9579772949219,
                    "op": "BO_Subtract",
                    "position": [
                        59.99200439453125,
                        74.28280639648438,
                        305.378662109375
                    ],
                    "transform": [
                        0.9820120930671692,
                        -0.022272804751992226,
                        0.18749964237213135,
                        59.992008209228516,
                        -0.022272804751992226,
                        0.9724215269088745,
                        0.23216427862644196,
                        74.2828140258789,
                        -0.18749964237213135,
                        -0.23216427862644196,
                        0.9544336795806885,
                        305.378662109375
                    ],
                    "scale": [
                        1,
                        1,
                        1
                    ],
                    "rotation": 0,
                    "weight": [
                        0,
                        0,
                        0,
                        0
                    ],
                    "weightHard": false,
                    "weightScale": [
                        1,
                        1,
                        1
                    ],
                    "mirrored": false,
                    "twinId": 0,
                    "pathable": true,
                    "flooded": false,
                    "mergeable": true,
                    "no_features": false
                },
                {
                    "proj": "BP_Bend",
                    "spec": "/pa/terrain/moon/brushes/moon_crater_02.json",
                    "height": 321.949951171875,
                    "op": "BO_Subtract",
                    "position": [
                        -194.59396362304688,
                        -32.72016143798828,
                        -254.39013671875
                    ],
                    "transform": [
                        -0.7409327030181885,
                        -0.29273056983947754,
                        -0.6044232249259949,
                        -194.59402465820312,
                        -0.29273056983947754,
                        0.950778603553772,
                        -0.10163123905658722,
                        -32.72017288208008,
                        0.6044232249259949,
                        0.10163123905658722,
                        -0.7901540994644165,
                        -254.39007568359375
                    ],
                    "scale": [
                        1,
                        1,
                        1
                    ],
                    "rotation": 0,
                    "weight": [
                        0,
                        0,
                        0,
                        0
                    ],
                    "weightHard": false,
                    "weightScale": [
                        1,
                        1,
                        1
                    ],
                    "mirrored": false,
                    "twinId": 0,
                    "pathable": true,
                    "flooded": false,
                    "mergeable": true,
                    "no_features": false
                },
                {
                    "proj": "BP_Bend",
                    "spec": "/pa/terrain/moon/brushes/moon_crater_02.json",
                    "height": 321.3837585449219,
                    "op": "BO_Subtract",
                    "position": [
                        -167.9708251953125,
                        -219.58740234375,
                        163.87399291992188
                    ],
                    "transform": [
                        0.8190863132476807,
                        -0.23650750517845154,
                        -0.522648811340332,
                        -167.97084045410156,
                        -0.23650750517845154,
                        0.6908149123191833,
                        -0.683256208896637,
                        -219.5874481201172,
                        0.522648811340332,
                        0.683256208896637,
                        0.5099012851715088,
                        163.87399291992188
                    ],
                    "scale": [
                        1,
                        1,
                        1
                    ],
                    "rotation": 0,
                    "weight": [
                        0,
                        0,
                        0,
                        0
                    ],
                    "weightHard": false,
                    "weightScale": [
                        1,
                        1,
                        1
                    ],
                    "mirrored": false,
                    "twinId": 0,
                    "pathable": true,
                    "flooded": false,
                    "mergeable": true,
                    "no_features": false
                },
                {
                    "proj": "BP_Bend",
                    "spec": "/pa/terrain/moon/brushes/moon_crater_02.json",
                    "height": 318.9798583984375,
                    "op": "BO_Subtract",
                    "position": [
                        196.5775146484375,
                        231.8719482421875,
                        -96.64797973632812
                    ],
                    "transform": [
                        0.45511770248413086,
                        -0.6427130103111267,
                        0.6162693500518799,
                        196.5775146484375,
                        -0.6427130103111267,
                        0.24189132452011108,
                        0.7269172668457031,
                        231.87196350097656,
                        -0.6162693500518799,
                        -0.7269172668457031,
                        -0.3029909133911133,
                        -96.64799499511719
                    ],
                    "scale": [
                        1,
                        1,
                        1
                    ],
                    "rotation": 0,
                    "weight": [
                        0,
                        0,
                        0,
                        0
                    ],
                    "weightHard": false,
                    "weightScale": [
                        1,
                        1,
                        1
                    ],
                    "mirrored": false,
                    "twinId": 0,
                    "pathable": true,
                    "flooded": false,
                    "mergeable": true,
                    "no_features": false
                },
                {
                    "proj": "BP_Bend",
                    "spec": "/pa/terrain/moon/brushes/moon_crater_02.json",
                    "height": 321.67608642578125,
                    "op": "BO_Subtract",
                    "position": [
                        -252.942138671875,
                        -177.8953857421875,
                        -88.59466552734375
                    ],
                    "transform": [
                        0.14667218923568726,
                        -0.6001494526863098,
                        -0.7863255739212036,
                        -252.942138671875,
                        -0.6001494526863098,
                        0.5779120922088623,
                        -0.5530264377593994,
                        -177.8953857421875,
                        0.7863255739212036,
                        0.5530264377593994,
                        -0.27541565895080566,
                        -88.59463500976562
                    ],
                    "scale": [
                        1,
                        1,
                        1
                    ],
                    "rotation": 0,
                    "weight": [
                        0,
                        0,
                        0,
                        0
                    ],
                    "weightHard": false,
                    "weightScale": [
                        1,
                        1,
                        1
                    ],
                    "mirrored": false,
                    "twinId": 0,
                    "pathable": true,
                    "flooded": false,
                    "mergeable": true,
                    "no_features": false
                },
                {
                    "proj": "BP_Bend",
                    "spec": "/pa/terrain/moon/brushes/moon_crater_02.json",
                    "height": 323.8092956542969,
                    "op": "BO_Subtract",
                    "position": [
                        -266.1776123046875,
                        183.62274169921875,
                        16.87091064453125
                    ],
                    "transform": [
                        0.35774606466293335,
                        0.44305920600891113,
                        -0.822019636631012,
                        -266.1776123046875,
                        0.44305920600891113,
                        0.6943553686141968,
                        0.5670706629753113,
                        183.6227569580078,
                        0.822019636631012,
                        -0.5670706629753113,
                        0.0521014928817749,
                        16.870946884155273
                    ],
                    "scale": [
                        1,
                        1,
                        1
                    ],
                    "rotation": 0,
                    "weight": [
                        0,
                        0,
                        0,
                        0
                    ],
                    "weightHard": false,
                    "weightScale": [
                        1,
                        1,
                        1
                    ],
                    "mirrored": false,
                    "twinId": 0,
                    "pathable": true,
                    "flooded": false,
                    "mergeable": true,
                    "no_features": false
                },
                {
                    "proj": "BP_Bend",
                    "spec": "/pa/terrain/moon/brushes/moon_crater_02.json",
                    "height": 317.53106689453125,
                    "op": "BO_Subtract",
                    "position": [
                        301.26202392578125,
                        -50.58296203613281,
                        -86.65185546875
                    ],
                    "transform": [
                        -0.23799169063568115,
                        0.2078631967306137,
                        0.948763906955719,
                        301.26202392578125,
                        0.2078631967306137,
                        0.965099036693573,
                        -0.15930083394050598,
                        -50.58296203613281,
                        -0.948763906955719,
                        0.15930083394050598,
                        -0.27289271354675293,
                        -86.65191650390625
                    ],
                    "scale": [
                        1,
                        1,
                        1
                    ],
                    "rotation": 0,
                    "weight": [
                        0,
                        0,
                        0,
                        0
                    ],
                    "weightHard": false,
                    "weightScale": [
                        1,
                        1,
                        1
                    ],
                    "mirrored": false,
                    "twinId": 0,
                    "pathable": true,
                    "flooded": false,
                    "mergeable": true,
                    "no_features": false
                },
                {
                    "proj": "BP_Bend",
                    "spec": "/pa/terrain/moon/brushes/moon_crater_02.json",
                    "height": 319.0461730957031,
                    "op": "BO_Subtract",
                    "position": [
                        18.38458251953125,
                        -308.888671875,
                        77.71914672851562
                    ],
                    "transform": [
                        0.9973299503326416,
                        0.04486095532774925,
                        0.05762357637286186,
                        18.384580612182617,
                        0.04486095532774925,
                        0.24626833200454712,
                        -0.9681629538536072,
                        -308.888671875,
                        -0.05762357637286186,
                        0.9681629538536072,
                        0.24359828233718872,
                        77.71910095214844
                    ],
                    "scale": [
                        1,
                        1,
                        1
                    ],
                    "rotation": 0,
                    "weight": [
                        0,
                        0,
                        0,
                        0
                    ],
                    "weightHard": false,
                    "weightScale": [
                        1,
                        1,
                        1
                    ],
                    "mirrored": false,
                    "twinId": 0,
                    "pathable": true,
                    "flooded": false,
                    "mergeable": true,
                    "no_features": false
                }
            ],
            "metal_spots": [
                [
                    58.96858215332031,
                    281.31024169921875,
                    -140.31021118164062
                ],
                [
                    -208.125244140625,
                    201.6871337890625,
                    -143.60955810546875
                ],
                [
                    220.72637939453125,
                    225.009765625,
                    49.68623733520508
                ],
                [
                    304.12384033203125,
                    84.920654296875,
                    53.34812545776367
                ],
                [
                    -283.8778076171875,
                    64.2760009765625,
                    142.26248168945312
                ],
                [
                    -220.99847412109375,
                    -2.793212890625,
                    235.35073852539062
                ],
                [
                    26.537952423095703,
                    -260.15093994140625,
                    -180.24630737304688
                ],
                [
                    -23.939537048339844,
                    -315.43707275390625,
                    -39.7352294921875
                ],
                [
                    67.85603332519531,
                    -306.930419921875,
                    -44.73895263671875
                ],
                [
                    277.4748229980469,
                    53.22126770019531,
                    -147.488037109375
                ],
                [
                    232.43841552734375,
                    129.07293701171875,
                    -175.37945556640625
                ],
                [
                    -61.69825744628906,
                    277.6226806640625,
                    -149.648681640625
                ],
                [
                    -107.48196411132812,
                    262.31341552734375,
                    -153.399658203125
                ],
                [
                    -96.671630859375,
                    292.80584716796875,
                    -95.16867065429688
                ],
                [
                    -4.0741424560546875,
                    -103.5601806640625,
                    -301.32989501953125
                ],
                [
                    -103.36088562011719,
                    -203.4388427734375,
                    -222.57122802734375
                ],
                [
                    -250.31439208984375,
                    -194.3778076171875,
                    58.8336181640625
                ]
            ],
            "landing_zones": {
                "list": [
                    [
                        -90.9853515625,
                        280.48687744140625,
                        -129.94287109375
                    ]
                ],
                "rules": [
                    {
                        "min": 0,
                        "max": 32
                    }
                ]
            }
        },
        {
            "name": "Bolo 2",
            "mass": 5000,
            "position_x": 5500.02685546875,
            "position_y": -24700.001953125,
            "velocity_x": 137.20620727539062,
            "velocity_y": 30.552139282226562,
            "required_thrust_to_move": 0,
            "starting_planet": true,
            "respawn": false,
            "start_destroyed": false,
            "min_spawn_delay": 0,
            "max_spawn_delay": 0,
            "planet": {
                "seed": 673526720,
                "radius": 320,
                "heightRange": 0,
                "waterHeight": 0,
                "waterDepth": 0,
                "temperature": 0,
                "metalDensity": 0,
                "metalClusters": 17,
                "metalSpotLimit": -1,
                "biomeScale": 50,
                "biome": "alienred",
                "symmetryType": "none",
                "symmetricalMetal": false,
                "symmetricalStarts": false,
                "numArmies": 2,
                "landingZonesPerArmy": 0,
                "landingZoneSize": 0,
                "heightAdjustments": []
            },
            "planetCSG": [
                {
                    "spec": "/pa/terrain/metal/brushes/metal_structure_05.json",
                    "proj": "BP_Bend",
                    "op": "BO_Add",
                    "position": [
                        -68.58663940429688,
                        216.30349731445312,
                        -227.53045654296875
                    ],
                    "height": 321.3431701660156,
                    "transform": [
                        2.6994028091430664,
                        0.5977179408073425,
                        -0.604027271270752,
                        -68.58663177490234,
                        0.8497534990310669,
