{
    "name": "Aorta 10P System",
    "description": "5vs5 or 10 FFA Naval-oriented map.Prepare for big battles in Bloody World.",
    "creator": "GreatBalancer",
    "version": "1.0",
    "planets": [
        {
            "name": "Aorta",
            "mass": 5000,
            "position_x": 29500,
            "position_y": -4000,
            "velocity_x": 17.41316032409668,
            "velocity_y": 128.42210388183594,
            "required_thrust_to_move": 0,
            "starting_planet": true,
            "respawn": false,
            "start_destroyed": false,
            "min_spawn_delay": 0,
            "max_spawn_delay": 0,
            "planet": {
                "seed": 1396742400,
                "radius": 730,
                "heightRange": 35,
                "waterHeight": 96,
                "waterDepth": 35,
                "temperature": 0,
                "metalDensity": 0,
                "metalClusters": 248,
                "metalSpotLimit": -1,
                "biomeScale": 50,
                "biome": "alienred",
                "symmetryType": "terrain",
                "symmetricalMetal": true,
                "symmetricalStarts": false,
                "numArmies": 2,
                "landingZonesPerArmy": 0,
                "landingZoneSize": 0,
                "heightAdjustments": []
            },
            "planetCSG": [
                {
                    "spec": "/pa/terrain/desert/brushes/desert_metal_t2_medium_4_ramp.json",
                    "proj": "BP_Bend",
                    "op": "BO_Add",
                    "position": [
                        388.01171875,
                        -549.0693359375,
                        374.64508056640625
                    ],
                    "height": 752.668212890625,
                    "transform": [
                        0.8208367228507996,
                        -0.26847976446151733,
                        0.5041285753250122,
                        379.4415588378906,
                        0.5710086822509766,
                        0.40624088048934937,
                        -0.7133845090866089,
                        -536.9418334960938,
                        -0.01326829195022583,
                        0.8734340071678162,
                        0.4867616891860962,
                        366.37005615234375
                    ],
                    "scale": [
                        1,
                        1,
                        1
                    ],
                    "rotation": 0.599999725818634,
                    "weight": [
                        0,
                        0,
                        0,
                        0
                    ],
                    "weightHard": false,
                    "weightScale": [
                        1,
                        1,
                        1
                    ],
                    "mirrored": false,
                    "twinId": 0,
                    "flooded": false,
                    "pathable": true,
                    "mergeable": false,
                    "no_features": true
                },
                {
                    "spec": "/pa/terrain/desert/brushes/desert_metal_t2_medium_4_ramp.json",
                    "proj": "BP_Bend",
                    "op": "BO_Add",
                    "position": [
                        388.01171875,
                        -549.0693359375,
                        -374.64508056640625
                    ],
                    "height": 752.668212890625,
                    "transform": [
                        0.8123029470443726,
                        0.2932886779308319,
                        0.5041284561157227,
                        379.44146728515625,
                        0.583084762096405,
                        -0.3887089788913727,
                        -0.7133843898773193,
                        -536.9417724609375,
                        -0.013268262147903442,
                        0.8734338879585266,
                        -0.48676156997680664,
                        -366.3699645996094
                    ],
                    "scale": [
                        1,
                        1,
                        1
                    ],
                    "rotation": 0.599999725818634,
                    "weight": [
                        0,
                        0,
                        0,
                        0
                    ],
                    "weightHard": false,
                    "weightScale": [
                        1,
                        1,
                        1
                    ],
                    "mirrored": false,
                    "twinId": 0,
                    "flooded": false,
                    "pathable": true,
                    "mergeable": false,
                    "no_features": true
                },
                {
                    "spec": "/pa/terrain/desert/brushes/desert_metal_t2_medium_4_ramp.json",
                    "proj": "BP_Bend",
                    "op": "BO_Add",
                    "position": [
                        654.5909423828125,
                        175.0491943359375,
                        365.0501708984375
                    ],
                    "height": 752.6707763671875,
                    "transform": [
                        0.45328372716903687,
                        -0.2668609619140625,
                        0.8504816293716431,
                        640.1326904296875,
                        0.14056852459907532,
                        0.9635944962501526,
                        0.22743383049964905,
                        171.18280029296875,
                        -0.8802126049995422,
                        0.01645888388156891,
                        0.47429394721984863,
                        356.9871826171875
                    ],
                    "scale": [
                        1,
                        1,
                        1
                    ],
                    "rotation": 0.2800000011920929,
                    "weight": [
                        0,
                        0,
                        0,
                        0
                    ],
                    "weightHard": false,
                    "weightScale": [
                        1,
                        1,
                        1
                    ],
                    "mirrored": false,
                    "twinId": 0,
                    "flooded": false,
                    "pathable": true,
                    "mergeable": false,
                    "no_features": true
                },
                {
                    "spec": "/pa/terrain/desert/brushes/desert_metal_t2_medium_4_ramp.json",
                    "proj": "BP_Bend",
                    "op": "BO_Add",
                    "position": [
                        654.5909423828125,
                        175.0491943359375,
                        -365.0501708984375
                    ],
                    "height": 752.6707763671875,
                    "transform": [
                        -0.46294331550598145,
                        -0.24972864985466003,
                        0.8504816293716431,
                        640.1326904296875,
                        -0.10444681346416473,
                        0.968176007270813,
                        0.22743383049964905,
                        171.18280029296875,
                        -0.8802126049995422,
                        0.01645888388156891,
                        -0.47429394721984863,
                        -356.9871826171875
                    ],
                    "scale": [
                        1,
                        1,
                        1
                    ],
                    "rotation": 0.2800000011920929,
                    "weight": [
                        0,
                        0,
                        0,
                        0
                    ],
                    "weightHard": false,
                    "weightScale": [
                        1,
                        1,
                        1
                    ],
                    "mirrored": false,
                    "twinId": 0,
                    "flooded": false,
                    "pathable": true,
                    "mergeable": false,
                    "no_features": true
                },
                {
                    "spec": "/pa/terrain/desert/brushes/desert_metal_t2_medium_4_ramp.json",
                    "proj": "BP_Bend",
                    "op": "BO_Add",
                    "position": [
                        48.20600128173828,
                        663.0693359375,
                        387.7281188964844
                    ],
                    "height": 752.6218872070312,
                    "transform": [
                        0.9977481961250305,
                        0.023986726999282837,
                        0.06263595074415207,
                        47.14118576049805,
                        -0.0661865696310997,
                        0.5033363103866577,
                        0.8615520000457764,
                        648.4229125976562,
                        -0.01086113229393959,
                        -0.8637576103210449,
                        0.5037904381752014,
                        379.1636962890625
                    ],
                    "scale": [
                        1,
                        1,
                        1
                    ],
                    "rotation": -0.059999994933605194,
                    "weight": [
                        0,
                        0,
                        0,
                        0
                    ],
                    "weightHard": false,
                    "weightScale": [
                        1,
                        1,
                        1
                    ],
                    "mirrored": false,
                    "twinId": 0,
                    "flooded": false,
                    "pathable": true,
                    "mergeable": false,
                    "no_features": true
                },
                {
                    "spec": "/pa/terrain/desert/brushes/desert_metal_t2_medium_4_ramp.json",
                    "proj": "BP_Bend",
                    "op": "BO_Add",
                    "position": [
                        48.20600128173828,
                        663.0693359375,
                        -387.7281188964844
                    ],
                    "height": 752.6218872070312,
                    "transform": [
                        0.9968295693397522,
                        -0.04906710237264633,
                        0.06263595819473267,
                        47.14119338989258,
                        -0.0788218230009079,
                        -0.5015127658843994,
                        0.8615520596504211,
                        648.4229125976562,
                        -0.010861136019229889,
                        -0.8637576699256897,
                        -0.5037902593612671,
                        -379.16357421875
                    ],
                    "scale": [
                        1,
                        1,
                        1
                    ],
                    "rotation": -0.059999994933605194,
                    "weight": [
                        0,
                        0,
                        0,
                        0
                    ],
                    "weightHard": false,
                    "weightScale": [
                        1,
                        1,
                        1
                    ],
                    "mirrored": false,
                    "twinId": 0,
                    "flooded": false,
                    "pathable": true,
                    "mergeable": false,
                    "no_features": true
                },
                {
                    "spec": "/pa/terrain/desert/brushes/desert_metal_t2_medium_4_ramp.json",
                    "proj": "BP_Bend",
                    "op": "BO_Add",
                    "position": [
                        -627.6229858398438,
                        233.3485107421875,
                        379.49090576171875
                    ],
                    "height": 752.6593627929688,
                    "transform": [
                        0.47104454040527344,
                        0.3363766372203827,
                        -0.8154556155204773,
                        -613.7603149414062,
                        -0.147440105676651,
                        0.9414567351341248,
                        0.3031841516494751,
                        228.19439697265625,
                        0.8697001934051514,
                        -0.02258238196372986,
                        0.49306344985961914,
                        371.10882568359375
                    ],
                    "scale": [
                        1,
                        1,
                        1
                    ],
                    "rotation": -0.3299999535083771,
                    "weight": [
                        0,
                        0,
                        0,
                        0
                    ],
                    "weightHard": false,
                    "weightScale": [
                        1,
                        1,
                        1
                    ],
                    "mirrored": false,
                    "twinId": 0,
                    "flooded": false,
                    "pathable": true,
                    "mergeable": false,
                    "no_features": true
                },
                {
                    "spec": "/pa/terrain/desert/brushes/desert_metal_t2_medium_4_ramp.json",
                    "proj": "BP_Bend",
                    "op": "BO_Add",
                    "position": [
                        -627.6229858398438,
                        233.3485107421875,
                        -379.49090576171875
                    ],
                    "height": 752.6593627929688,
                    "transform": [
                        -0.4529528021812439,
                        0.36036890745162964,
                        -0.815455436706543,
                        -613.7601928710938,
                        0.19609957933425903,
                        0.9325364828109741,
                        0.3031840920448303,
                        228.19435119628906,
                        0.8697000741958618,
                        -0.02258238196372986,
                        -0.49306321144104004,
                        -371.108642578125
                    ],
                    "scale": [
                        1,
                        1,
                        1
                    ],
                    "rotation": -0.3299999535083771,
                    "weight": [
                        0,
                        0,
                        0,
                        0
                    ],
                    "weightHard": false,
                    "weightScale": [
                        1,
                        1,
                        1
                    ],
                    "mirrored": false,
                    "twinId": 0,
                    "flooded": false,
                    "pathable": true,
                    "mergeable": false,
                    "no_features": true
                },
                {
                    "spec": "/pa/terrain/desert/brushes/desert_metal_t2_medium_4_ramp.json",
                    "proj": "BP_Bend",
                    "op": "BO_Add",
                    "position": [
                        -396.2100830078125,
                        -533.6717529296875,
                        388.2704162597656
                    ],
                    "height": 752.7673950195312,
                    "transform": [
                        0.7994416356086731,
                        0.30977827310562134,
                        -0.5147139430046082,
                        -387.4598693847656,
                        -0.6006636023521423,
                        0.3981868624687195,
                        -0.693289577960968,
                        -521.8858032226562,
                        -0.00981372594833374,
                        0.863414466381073,
                        0.5043997168540955,
                        379.6956481933594
                    ],
                    "scale": [
                        1,
                        1,
                        1
                    ],
                    "rotation": -0.6499996781349182,
                    "weight": [
                        0,
                        0,
                        0,
                        0
                    ],
                    "weightHard": false,
                    "weightScale": [
                        1,
                        1,
                        1
                    ],
                    "mirrored": false,
                    "twinId": 0,
                    "flooded": false,
                    "pathable": true,
                    "mergeable": false,
                    "no_features": true
                },
                {
                    "spec": "/pa/terrain/desert/brushes/desert_metal_t2_medium_4_ramp.json",
                    "proj": "BP_Bend",
                    "op": "BO_Add",
                    "position": [
                        -396.2100830078125,
                        -533.6717529296875,
                        -388.2704162597656
                    ],
                    "height": 752.7673950195312,
                    "transform": [
                        0.8062762022018433,
                        -0.29152727127075195,
                        -0.5147139430046082,
                        -387.4598693847656,
                        -0.5914577841758728,
                        -0.4117365777492523,
                        -0.693289577960968,
                        -521.8858032226562,
                        -0.00981372594833374,
                        0.863414466381073,
                        -0.5043995380401611,
                        -379.6955261230469
                    ],
                    "scale": [
                        1,
                        1,
                        1
                    ],
                    "rotation": -0.6499996781349182,
                    "weight": [
                        0,
                        0,
                        0,
                        0
                    ],
                    "weightHard": false,
                    "weightScale": [
                        1,
                        1,
                        1
                    ],
                    "mirrored": false,
                    "twinId": 0,
                    "flooded": false,
                    "pathable": true,
                    "mergeable": false,
                    "no_features": true
                },
                {
                    "spec": "/pa/terrain/jungle/brushes/jungle_t2_medium_long.json",
                    "proj": "BP_Bend",
                    "op": "BO_Add",
                    "position": [
                        -406.8695068359375,
                        172.8072052001953,
                        630.0527954101562
                    ],
                    "height": 769.6567993164062,
                    "transform": [
                        0.29724690318107605,
                        -0.7951015830039978,
                        -0.5286375880241394,
                        -406.8695068359375,
                        0.9522871375083923,
                        0.20673087239265442,
                        0.22452501952648163,
                        172.8072052001953,
                        -0.06923449039459229,
                        -0.5701541304588318,
                        0.818615198135376,
                        630.052734375
                    ],
                    "scale": [
                        1,
                        1,
                        1
                    ],
                    "rotation": 1.2899991273880005,
                    "weight": [
                        0,
                        0,
                        0,
                        0
                    ],
                    "weightHard": false,
                    "weightScale": [
                        1,
                        1,
                        1
                    ],
                    "mirrored": false,
                    "twinId": 0,
                    "flooded": false,
                    "pathable": true,
                    "mergeable": false,
                    "no_features": false
                },
                {
                    "spec": "/pa/terrain/jungle/brushes/jungle_t2_medium_long.json",
                    "proj": "BP_Bend",
                    "op": "BO_Add",
                    "position": [
                        -406.8695068359375,
                        172.8072052001953,
                        630.0527954101562
                    ],
                    "height": 769.6567993164062,
                    "transform": [
                        0.29724690318107605,
                        -0.7951015830039978,
                        -0.5286375880241394,
                        -406.8695068359375,
                        0.9522871375083923,
                        0.20673087239265442,
                        0.22452501952648163,
                        172.8072052001953,
                        0.06923449039459229,
                        0.5701541304588318,
                        -0.818615198135376,
                        -630.052734375
                    ],
                    "scale": [
                        1,
                        1,
                        1
                    ],
                    "rotation": 1.2899991273880005,
                    "weight": [
                        0,
                        0,
                        0,
                        0
                    ],
                    "weightHard": false,
                    "weightScale": [
                        1,
                        1,
                        1
                    ],
                    "mirrored": true,
                    "twinId": 0,
                    "flooded": false,
                    "pathable": true,
                    "mergeable": false,
                    "no_features": false
                },
                {
                    "spec": "/pa/terrain/jungle/brushes/jungle_t2_medium_long.json",
                    "proj": "BP_Bend",
                    "op": "BO_Add",
                    "position": [
                        -276.52239990234375,
                        -345.37237548828125,
                        629.9700927734375
                    ],
                    "height": 769.81103515625,
                    "transform": [
                        -0.820578396320343,
                        -0.44454535841941833,
                        -0.3592081069946289,
                        -276.52239990234375,
                        0.5695183277130127,
                        -0.6887423396110535,
                        -0.44864562153816223,
                        -345.37237548828125,
                        -0.04795849323272705,
                        -0.5727245211601257,
                        0.8183436989784241,
                        629.9700317382812
                    ],
                    "scale": [
                        1,
                        1,
                        1
                    ],
                    "rotation": 2.5499980449676514,
                    "weight": [
                        0,
                        0,
                        0,
                        0
                    ],
                    "weightHard": false,
                    "weightScale": [
                        1,
                        1,
                        1
                    ],
                    "mirrored": false,
                    "twinId": 0,
                    "flooded": false,
                    "pathable": true,
                    "mergeable": false,
                    "no_features": false
                },
                {
                    "spec": "/pa/terrain/jungle/brushes/jungle_t2_medium_long.json",
                    "proj": "BP_Bend",
                    "op": "BO_Add",
                    "position": [
                        -276.52239990234375,
                        -345.37237548828125,
                        629.9700927734375
                    ],
                    "height": 769.81103515625,
                    "transform": [
                        -0.820578396320343,
                        -0.44454535841941833,
                        -0.3592081069946289,
                        -276.52239990234375,
                        0.5695183277130127,
                        -0.6887423396110535,
                        -0.44864562153816223,
                        -345.3724060058594,
                        0.04795849323272705,
                        0.5727245211601257,
                        -0.8183436989784241,
                        -629.9700317382812
                    ],
                    "scale": [
                        1,
                        1,
                        1
                    ],
                    "rotation": 2.5499980449676514,
                    "weight": [
                        0,
                        0,
                        0,
                        0
                    ],
                    "weightHard": false,
                    "weightScale": [
                        1,
                        1,
                        1
                    ],
                    "mirrored": true,
                    "twinId": 0,
                    "flooded": false,
                    "pathable": true,
                    "mergeable": false,
                    "no_features": false
                },
                {
                    "spec": "/pa/terrain/jungle/brushes/jungle_t2_medium_long.json",
                    "proj": "BP_Bend",
                    "op": "BO_Add",
                    "position": [
                        245.78421020507812,
                        -370.96630859375,
                        628.0778198242188
                    ],
                    "height": 769.7451782226562,
                    "transform": [
                        -0.8068772554397583,
                        0.4969836175441742,
                        0.3193059265613556,
                        245.78419494628906,
                        -0.5898179411888123,
                        -0.6479617953300476,
                        -0.4819338917732239,
                        -370.9662780761719,
                        -0.03261518478393555,
                        -0.5771938562393188,
                        0.8159555196762085,
                        628.0778198242188
                    ],
                    "scale": [
                        1,
                        1,
                        1
                    ],
                    "rotation": -2.499998092651367,
                    "weight": [
                        0,
                        0,
                        0,
                        0
                    ],
                    "weightHard": false,
                    "weightScale": [
                        1,
                        1,
                        1
                    ],
                    "mirrored": false,
                    "twinId": 0,
                    "flooded": false,
                    "pathable": true,
                    "mergeable": false,
                    "no_features": false
                },
                {
                    "spec": "/pa/terrain/jungle/brushes/jungle_t2_medium_long.json",
                    "proj": "BP_Bend",
                    "op": "BO_Add",
                    "position": [
                        245.78421020507812,
                        -370.96630859375,
                        628.0778198242188
                    ],
                    "height": 769.7451782226562,
                    "transform": [
                        -0.8068772554397583,
                        0.4969836175441742,
                        0.3193059265613556,
                        245.78419494628906,
                        -0.5898179411888123,
                        -0.6479617953300476,
                        -0.4819338917732239,
                        -370.9662780761719,
                        0.03261518478393555,
                        0.5771938562393188,
                        -0.8159555196762085,
                        -628.0777587890625
                    ],
                    "scale": [
                        1,
                        1,
                        1
                    ],
                    "rotation": -2.499998092651367,
                    "weight": [
                        0,
                        0,
                        0,
                        0
                    ],
                    "weightHard": false,
                    "weightScale": [
                        1,
                        1,
                        1
                    ],
                    "mirrored": true,
                    "twinId": 0,
                    "flooded": false,
                    "pathable": true,
                    "mergeable": false,
                    "no_features": false
                },
                {
                    "spec": "/pa/terrain/jungle/brushes/jungle_t2_medium_long.json",
                    "proj": "BP_Bend",
                    "op": "BO_Add",
                    "position": [
                        451.5927734375,
                        88.43739318847656,
                        616.9429321289062
                    ],
                    "height": 769.6595458984375,
                    "transform": [
                        0.30563831329345703,
                        0.7498782277107239,
                        0.5867434740066528,
                        451.59271240234375,
                        -0.9480894207954407,
                        0.2965187430381775,
                        0.11490454524755478,
                        88.4373779296875,
                        -0.08781604468822479,
                        -0.5914045572280884,
                        0.8015790581703186,
                        616.9429931640625
                    ],
                    "scale": [
                        1,
                        1,
                        1
                    ],
                    "rotation": -1.2299991846084595,
                    "weight": [
                        0,
                        0,
                        0,
                        0
                    ],
                    "weightHard": false,
                    "weightScale": [
                        1,
                        1,
                        1
                    ],
                    "mirrored": false,
                    "twinId": 0,
                    "flooded": false,
                    "pathable": true,
                    "mergeable": false,
                    "no_features": false
                },
                {
                    "spec": "/pa/terrain/jungle/brushes/jungle_t2_medium_long.json",
                    "proj": "BP_Bend",
                    "op": "BO_Add",
                    "position": [
                        451.5927734375,
                        88.43739318847656,
                        616.9429321289062
                    ],
                    "height": 769.6595458984375,
                    "transform": [
                        0.30563831329345703,
                        0.7498782277107239,
                        0.5867434740066528,
                        451.59271240234375,
                        -0.9480894207954407,
                        0.2965187430381775,
                        0.11490454524755478,
                        88.4373779296875,
                        0.08781604468822479,
                        0.5914045572280884,
                        -0.8015790581703186,
                        -616.9429931640625
                    ],
                    "scale": [
                        1,
                        1,
                        1
                    ],
                    "rotation": -1.2299991846084595,
                    "weight": [
                        0,
                        0,
                        0,
                        0
                    ],
                    "weightHard": false,
                    "weightScale": [
                        1,
                        1,
                        1
                    ],
                    "mirrored": true,
                    "twinId": 0,
                    "flooded": false,
                    "pathable": true,
                    "mergeable": false,
                    "no_features": false
                },
                {
                    "spec": "/pa/terrain/jungle/brushes/jungle_t2_medium_long.json",
                    "proj": "BP_Bend",
                    "op": "BO_Add",
                    "position": [
                        74.10395812988281,
                        415.7786865234375,
                        643.4635009765625
                    ],
                    "height": 769.6808471679688,
                    "transform": [
                        0.9941858053207397,
                        -0.04821941256523132,
                        0.09627880156040192,
                        74.10395050048828,
                        -0.011501593515276909,
                        0.8414604663848877,
                        0.5401962399482727,
                        415.7786865234375,
                        -0.10706275701522827,
                        -0.5381627678871155,
                        0.8360134363174438,
                        643.4635009765625
                    ],
                    "scale": [
                        1,
                        1,
                        1
                    ],
                    "rotation": 0.019999999552965164,
                    "weight": [
                        0,
                        0,
                        0,
                        0
                    ],
                    "weightHard": false,
                    "weightScale": [
                        1,
                        1,
                        1
                    ],
                    "mirrored": false,
                    "twinId": 0,
                    "flooded": false,
                    "pathable": true,
                    "mergeable": false,
                    "no_features": false
                },
                {
                    "spec": "/pa/terrain/jungle/brushes/jungle_t2_medium_long.json",
                    "proj": "BP_Bend",
                    "op": "BO_Add",
                    "position": [
                        74.10395812988281,
                        415.7786865234375,
                        643.4635009765625
                    ],
                    "height": 769.6808471679688,
                    "transform": [
                        0.9941858053207397,
                        -0.04821941256523132,
                        0.09627880156040192,
                        74.10395050048828,
                        -0.011501593515276909,
                        0.8414604663848877,
                        0.5401962399482727,
                        415.7786865234375,
                        0.10706275701522827,
                        0.5381627678871155,
                        -0.8360134363174438,
                        -643.4635009765625
                    ],
                    "scale": [
                        1,
                        1,
                        1
                    ],
                    "rotation": 0.019999999552965164,
                    "weight": [
                        0,
                        0,
                        0,
                        0
                    ],
                    "weightHard": false,
                    "weightScale": [
                        1,
                        1,
                        1
                    ],
                    "mirrored": true,
                    "twinId": 0,
                    "flooded": false,
                    "pathable": true,
                    "mergeable": false,
                    "no_features": false
                },
                {
                    "spec": "/pa/terrain/jungle/brushes/jungle_metal_t1_large_8_ramp.json",
                    "proj": "BP_Bend",
                    "op": "BO_Add",
                    "position": [
                        8.69580078125,
                        -2.819897174835205,
                        769.563720703125
                    ],
                    "height": 769.6179809570312,
                    "transform": [
                        1.3286112546920776,
                        -0.17367109656333923,
                        0.01514046173542738,
                        8.695801734924316,
                        0.17373602092266083,
                        1.3286800384521484,
                        -0.004909788724035025,
                        -2.819897413253784,
                        -0.014376228675246239,
                        0.006831079721450806,
                        1.3399051427841187,
                        769.5636596679688
                    ],
                    "scale": [
                        1.3399996757507324,
                        1.3399996757507324,
                        1.3399996757507324
                    ],
                    "rotation": 0.12999998033046722,
                    "weight": [
                        0,
                        0,
                        0,
                        0
                    ],
                    "weightHard": false,
                    "weightScale": [
                        1,
                        1,
                        1
                    ],
                    "mirrored": false,
                    "twinId": 0,
                    "flooded": false,
                    "pathable": true,
                    "mergeable": false,
                    "no_features": true
                },
                {
                    "spec": "/pa/terrain/jungle/brushes/jungle_metal_t1_large_8_ramp.json",
                    "proj": "BP_Bend",
                    "op": "BO_Add",
                    "position": [
                        8.69580078125,
                        -2.819897174835205,
                        769.563720703125
                    ],
                    "height": 769.6179809570312,
                    "transform": [
                        1.3286112546920776,
                        -0.17367109656333923,
                        0.01514046173542738,
                        8.695801734924316,
                        0.17373602092266083,
                        1.3286800384521484,
                        -0.004909788724035025,
                        -2.819897413253784,
                        0.014376228675246239,
                        -0.006831079721450806,
                        -1.3399051427841187,
                        -769.5636596679688
                    ],
                    "scale": [
                        1.3399996757507324,
